mean_train_rmse: 42.16390888984604
std_train_rmse: 3.611205813347838
mean_test_rmse: 45.75270888223547
std_test_rmse: 3.0469018193528243
mean_train_mae: 30.44043143699298
std_train_mae: 2.9553537406346972
mean_test_mae: 32.94203868779202
std_test_mae: 2.6955315022250192
mean_train_r2: 0.9724895213062255
std_train_r2: 0.0047379468646336406
mean_test_r2: 0.9677111796386979
std_test_r2: 0.003255835502136356
mean_training_time: 43.7948172
std_training_time: 13.47965684319019
