mean_train_rmse: 41.35401298030215
std_train_rmse: 2.5389258153965684
mean_test_rmse: 44.6893780223972
std_test_rmse: 5.151120580323679
mean_train_mae: 29.942959272404163
std_train_mae: 1.584284495748161
mean_test_mae: 32.23803283121824
std_test_mae: 3.275696589446509
mean_train_r2: 0.9735648781342927
std_train_r2: 0.0035033110569723425
mean_test_r2: 0.9691660330176071
std_test_r2: 0.005283088300020747
mean_training_time: 34.42957
std_training_time: 3.867841997957931
