mean_mae: 33.548336858854626
std_mae: 3.624603817715222
mean_rmse: 46.64890656090536
std_rmse: 5.301399377442432
mean_r2: 0.9663409754063172
std_r2: 0.005900492100712183
models_evaluated: 5
