mean_train_rmse: 43.52258487690689
std_train_rmse: 2.8286346517680454
mean_test_rmse: 46.64890656090536
std_test_rmse: 5.301399377442432
mean_train_mae: 31.439359730352
std_train_mae: 2.2790893055017207
mean_test_mae: 33.548336858854626
std_test_mae: 3.624603817715222
mean_train_r2: 0.9707482345609233
std_train_r2: 0.0037511077362962658
mean_test_r2: 0.9663409754063172
std_test_r2: 0.005900492100712183
mean_training_time: 32.8407998
std_training_time: 8.081512702319321
